File	RV_hrmos	eRV_hrmos	RVo	eRVo
----	--------	---------	---	----
output_spectra/TauCeti100/r.HRMOS.2023-01-21T01:03:30.978.fits	-16.560921703516126 	0.003552588851471976	-16.6629187039706	0.000112197761601476
output_spectra/TauCeti100/r.HRMOS.2023-01-21T01:07:16.109.fits	-16.558598829614567 	0.003557282634897488	-16.6628439508634	0.000129990886898088
output_spectra/TauCeti100/r.HRMOS.2023-01-14T01:37:01.620.fits	-16.558898746986284 	0.0035265387367312048	-16.6636837738122	0.000113192554683581
output_spectra/TauCeti100/r.HRMOS.2023-02-03T01:25:43.775.fits	-16.559116140581473 	0.00357866408575781	-16.6620853065578	0.000142210349670345
output_spectra/TauCeti100/r.HRMOS.2023-01-08T01:26:34.892.fits	-16.56061610401377 	0.0035458862690533706	-16.664182519141	9.99257622433305e-05
output_spectra/TauCeti100/r.HRMOS.2023-01-04T01:23:43.489.fits	-16.559433613761566 	0.003546218283363824	-16.6642068164731	0.000106604850890392
output_spectra/TauCeti100/r.HRMOS.2023-01-08T01:30:19.668.fits	-16.561276999994256 	0.003556234173629831	-16.6641833900671	9.67869888868495e-05
output_spectra/TauCeti100/r.HRMOS.2023-01-21T01:09:46.219.fits	-16.564849843386455 	0.003559130389347951	-16.6628983979579	0.000140858675970028
output_spectra/TauCeti100/r.HRMOS.2023-01-08T01:34:03.694.fits	-16.55870142812389 	0.0035540445275491	-16.6641795403089	9.69303353337838e-05
