File	RV_hrmos	eRV_hrmos	RVo	eRVo
----	--------	---------	---	----
output_spectra/TauCeti100/r.HRMOS.2023-01-21T01:03:30.978.fits	-16.560962235483803 	0.003550475447945395	-16.6629187039706	0.000112197761601476
output_spectra/TauCeti100/r.HRMOS.2023-01-21T01:07:16.109.fits	-16.558796446484433 	0.003555425906670053	-16.6628439508634	0.000129990886898088
output_spectra/TauCeti100/r.HRMOS.2023-01-14T01:37:01.620.fits	-16.558846455053928 	0.0035245268820036906	-16.6636837738122	0.000113192554683581
output_spectra/TauCeti100/r.HRMOS.2023-02-03T01:25:43.775.fits	-16.55892147398984 	0.0035769531990013366	-16.6620853065578	0.000142210349670345
output_spectra/TauCeti100/r.HRMOS.2023-01-08T01:26:34.892.fits	-16.560610052695754 	0.003543819430328298	-16.664182519141	9.99257622433305e-05
output_spectra/TauCeti100/r.HRMOS.2023-01-04T01:23:43.489.fits	-16.55930507502034 	0.003543653912949641	-16.6642068164731	0.000106604850890392
output_spectra/TauCeti100/r.HRMOS.2023-01-08T01:30:19.668.fits	-16.560901846823548 	0.0035551500595176334	-16.6641833900671	9.67869888868495e-05
output_spectra/TauCeti100/r.HRMOS.2023-01-21T01:09:46.219.fits	-16.564991495539033 	0.0035575388045628884	-16.6628983979579	0.000140858675970028
output_spectra/TauCeti100/r.HRMOS.2023-01-08T01:34:03.694.fits	-16.55944070893681 	0.003552123483303869	-16.6641795403089	9.69303353337838e-05
